#Density Table
    0.0100    98.0296
    0.0100    97.5698
    0.0101    97.1122
    0.0101    96.6566
    0.0102    96.2031
    0.0102    95.7518
    0.0103    95.3025
    0.0103    94.8552
    0.0104    94.4100
    0.0104    93.9669
    0.0105    93.5258
    0.0105    93.0868
    0.0106    92.6497
    0.0106    92.2147
    0.0107    91.7817
    0.0107    91.3507
    0.0108    90.9216
    0.0108    90.4946
    0.0109    90.0694
    0.0109    89.6463
    0.0110    89.2251
    0.0110    88.8058
    0.0111    88.3885
    0.0111    87.9731
    0.0112    87.5596
    0.0112    87.1480
    0.0113    86.7383
    0.0113    86.3305
    0.0114    85.9245
    0.0114    85.5205
    0.0115    85.1182
    0.0115    84.7179
    0.0116    84.3194
    0.0116    83.9227
    0.0117    83.5278
    0.0118    83.1348
    0.0118    82.7435
    0.0119    82.3541
    0.0119    81.9665
    0.0120    81.5806
    0.0120    81.1965
    0.0121    80.8142
    0.0121    80.4337
    0.0122    80.0549
    0.0122    79.6778
    0.0123    79.3025
    0.0124    78.9289
    0.0124    78.5570
    0.0125    78.1869
    0.0125    77.8184
    0.0126    77.4517
    0.0127    77.0866
    0.0127    76.7232
    0.0128    76.3615
    0.0128    76.0014
    0.0129    75.6430
    0.0129    75.2863
    0.0130    74.9312
    0.0131    74.5777
    0.0131    74.2259
    0.0132    73.8757
    0.0132    73.5270
    0.0133    73.1800
    0.0134    72.8346
    0.0134    72.4908
    0.0135    72.1486
    0.0136    71.8079
    0.0136    71.4688
    0.0137    71.1313
    0.0137    70.7953
    0.0138    70.4609
    0.0139    70.1280
    0.0139    69.7967
    0.0140    69.4668
    0.0141    69.1385
    0.0141    68.8117
    0.0142    68.4864
    0.0143    68.1626
    0.0143    67.8403
    0.0144    67.5195
    0.0145    67.2001
    0.0145    66.8823
    0.0146    66.5659
    0.0147    66.2509
    0.0147    65.9374
    0.0148    65.6253
    0.0149    65.3147
    0.0149    65.0055
    0.0150    64.6978
    0.0151    64.3914
    0.0151    64.0865
    0.0152    63.7829
    0.0153    63.4808
    0.0154    63.1800
    0.0154    62.8807
    0.0155    62.5827
    0.0156    62.2861
    0.0156    61.9908
    0.0157    61.6970
    0.0158    61.4044
    0.0159    61.1132
    0.0159    60.8234
    0.0160    60.5349
    0.0161    60.2477
    0.0162    59.9618
    0.0162    59.6773
    0.0163    59.3941
    0.0164    59.1122
    0.0165    58.8315
    0.0165    58.5522
    0.0166    58.2741
    0.0167    57.9974
    0.0168    57.7219
    0.0168    57.4477
    0.0169    57.1747
    0.0170    56.9030
    0.0171    56.6326
    0.0171    56.3633
    0.0172    56.0954
    0.0173    55.8287
    0.0174    55.5632
    0.0175    55.2989
    0.0175    55.0358
    0.0176    54.7740
    0.0177    54.5133
    0.0178    54.2539
    0.0179    53.9956
    0.0180    53.7386
    0.0180    53.4827
    0.0181    53.2280
    0.0182    52.9745
    0.0183    52.7221
    0.0184    52.4710
    0.0185    52.2209
    0.0185    51.9720
    0.0186    51.7243
    0.0187    51.4777
    0.0188    51.2323
    0.0189    50.9879
    0.0190    50.7447
    0.0191    50.5027
    0.0192    50.2617
    0.0192    50.0219
    0.0193    49.7831
    0.0194    49.5455
    0.0195    49.3089
    0.0196    49.0735
    0.0197    48.8391
    0.0198    48.6058
    0.0199    48.3736
    0.0200    48.1424
    0.0201    47.9123
    0.0202    47.6833
    0.0202    47.4554
    0.0203    47.2284
    0.0204    47.0026
    0.0205    46.7777
    0.0206    46.5539
    0.0207    46.3312
    0.0208    46.1095
    0.0209    45.8887
    0.0210    45.6690
    0.0211    45.4504
    0.0212    45.2327
    0.0213    45.0160
    0.0214    44.8004
    0.0215    44.5857
    0.0216    44.3720
    0.0217    44.1593
    0.0218    43.9476
    0.0219    43.7368
    0.0220    43.5271
    0.0221    43.3183
    0.0222    43.1104
    0.0223    42.9035
    0.0224    42.6976
    0.0225    42.4926
    0.0226    42.2886
    0.0227    42.0855
    0.0228    41.8833
    0.0229    41.6821
    0.0230    41.4818
    0.0231    41.2824
    0.0232    41.0840
    0.0234    40.8865
    0.0235    40.6898
    0.0236    40.4941
    0.0237    40.2993
    0.0238    40.1054
    0.0239    39.9124
    0.0240    39.7202
    0.0241    39.5290
    0.0242    39.3386
    0.0243    39.1491
    0.0245    38.9605
    0.0246    38.7728
    0.0247    38.5859
    0.0248    38.3999
    0.0249    38.2148
    0.0250    38.0305
    0.0251    37.8470
    0.0253    37.6644
    0.0254    37.4826
    0.0255    37.3017
    0.0256    37.1216
    0.0257    36.9424
    0.0258    36.7640
    0.0260    36.5864
    0.0261    36.4096
    0.0262    36.2336
    0.0263    36.0585
    0.0264    35.8841
    0.0266    35.7106
    0.0267    35.5378
    0.0268    35.3659
    0.0269    35.1947
    0.0271    35.0244
    0.0272    34.8548
    0.0273    34.6860
    0.0274    34.5180
    0.0276    34.3508
    0.0277    34.1843
    0.0278    34.0186
    0.0280    33.8537
    0.0281    33.6895
    0.0282    33.5261
    0.0283    33.3635
    0.0285    33.2016
    0.0286    33.0404
    0.0287    32.8800
    0.0289    32.7203
    0.0290    32.5614
    0.0291    32.4032
    0.0293    32.2457
    0.0294    32.0890
    0.0295    31.9330
    0.0297    31.7777
    0.0298    31.6231
    0.0300    31.4693
    0.0301    31.3161
    0.0302    31.1637
    0.0304    31.0119
    0.0305    30.8609
    0.0307    30.7106
    0.0308    30.5609
    0.0309    30.4120
    0.0311    30.2637
    0.0312    30.1161
    0.0314    29.9692
    0.0315    29.8230
    0.0317    29.6775
    0.0318    29.5326
    0.0320    29.3884
    0.0321    29.2449
    0.0322    29.1020
    0.0324    28.9598
    0.0325    28.8183
    0.0327    28.6774
    0.0328    28.5371
    0.0330    28.3975
    0.0332    28.2586
    0.0333    28.1203
    0.0335    27.9826
    0.0336    27.8456
    0.0338    27.7092
    0.0339    27.5734
    0.0341    27.4383
    0.0342    27.3038
    0.0344    27.1699
    0.0346    27.0366
    0.0347    26.9040
    0.0349    26.7719
    0.0350    26.6405
    0.0352    26.5097
    0.0354    26.3795
    0.0355    26.2499
    0.0357    26.1209
    0.0359    25.9924
    0.0360    25.8646
    0.0362    25.7374
    0.0364    25.6108
    0.0365    25.4847
    0.0367    25.3593
    0.0369    25.2344
    0.0370    25.1101
    0.0372    24.9863
    0.0374    24.8632
    0.0375    24.7406
    0.0377    24.6186
    0.0379    24.4971
    0.0381    24.3762
    0.0382    24.2559
    0.0384    24.1361
    0.0386    24.0169
    0.0388    23.8982
    0.0390    23.7801
    0.0391    23.6625
    0.0393    23.5455
    0.0395    23.4290
    0.0397    23.3131
    0.0399    23.1977
    0.0401    23.0828
    0.0402    22.9685
    0.0404    22.8547
    0.0406    22.7414
    0.0408    22.6287
    0.0410    22.5164
    0.0412    22.4047
    0.0414    22.2935
    0.0416    22.1828
    0.0417    22.0727
    0.0419    21.9630
    0.0421    21.8539
    0.0423    21.7453
    0.0425    21.6371
    0.0427    21.5295
    0.0429    21.4224
    0.0431    21.3157
    0.0433    21.2096
    0.0435    21.1040
    0.0437    20.9988
    0.0439    20.8941
    0.0441    20.7900
    0.0443    20.6863
    0.0445    20.5831
    0.0447    20.4803
    0.0449    20.3781
    0.0451    20.2763
    0.0454    20.1750
    0.0456    20.0741
    0.0458    19.9738
    0.0460    19.8739
    0.0462    19.7744
    0.0464    19.6755
    0.0466    19.5769
    0.0468    19.4789
    0.0471    19.3813
    0.0473    19.2841
    0.0475    19.1874
    0.0477    19.0912
    0.0479    18.9954
    0.0482    18.9000
    0.0484    18.8051
    0.0486    18.7107
    0.0488    18.6166
    0.0491    18.5230
    0.0493    18.4299
    0.0495    18.3372
    0.0497    18.2449
    0.0500    18.1530
    0.0502    18.0616
    0.0504    17.9706
    0.0507    17.8800
    0.0509    17.7898
    0.0511    17.7001
    0.0514    17.6108
    0.0516    17.5218
    0.0518    17.4334
    0.0521    17.3453
    0.0523    17.2576
    0.0526    17.1703
    0.0528    17.0835
    0.0531    16.9970
    0.0533    16.9110
    0.0535    16.8253
    0.0538    16.7401
    0.0540    16.6553
    0.0543    16.5708
    0.0545    16.4867
    0.0548    16.4031
    0.0550    16.3198
    0.0553    16.2369
    0.0556    16.1544
    0.0558    16.0723
    0.0561    15.9906
    0.0563    15.9092
    0.0566    15.8282
    0.0569    15.7477
    0.0571    15.6674
    0.0574    15.5876
    0.0576    15.5081
    0.0579    15.4290
    0.0582    15.3503
    0.0584    15.2720
    0.0587    15.1940
    0.0590    15.1163
    0.0593    15.0391
    0.0595    14.9622
    0.0598    14.8856
    0.0601    14.8094
    0.0604    14.7336
    0.0606    14.6581
    0.0609    14.5830
    0.0612    14.5082
    0.0615    14.4338
    0.0618    14.3597
    0.0621    14.2860
    0.0623    14.2126
    0.0626    14.1396
    0.0629    14.0669
    0.0632    13.9946
    0.0635    13.9225
    0.0638    13.8509
    0.0641    13.7795
    0.0644    13.7085
    0.0647    13.6379
    0.0650    13.5675
    0.0653    13.4975
    0.0656    13.4278
    0.0659    13.3585
    0.0662    13.2894
    0.0665    13.2207
    0.0668    13.1523
    0.0671    13.0843
    0.0674    13.0165
    0.0677    12.9491
    0.0681    12.8820
    0.0684    12.8152
    0.0687    12.7487
    0.0690    12.6826
    0.0693    12.6167
    0.0696    12.5512
    0.0700    12.4859
    0.0703    12.4210
    0.0706    12.3564
    0.0709    12.2920
    0.0713    12.2280
    0.0716    12.1643
    0.0719    12.1009
    0.0723    12.0378
    0.0726    11.9750
    0.0729    11.9124
    0.0733    11.8502
    0.0736    11.7883
    0.0739    11.7266
    0.0743    11.6653
    0.0746    11.6042
    0.0750    11.5434
    0.0753    11.4829
    0.0757    11.4227
    0.0760    11.3628
    0.0764    11.3032
    0.0767    11.2438
    0.0771    11.1847
    0.0774    11.1259
    0.0778    11.0674
    0.0781    11.0092
    0.0785    10.9512
    0.0789    10.8935
    0.0792    10.8361
    0.0796    10.7789
    0.0800    10.7220
    0.0803    10.6654
    0.0807    10.6091
    0.0811    10.5530
    0.0815    10.4972
    0.0818    10.4416
    0.0822    10.3864
    0.0826    10.3313
    0.0830    10.2766
    0.0834    10.2221
    0.0837    10.1678
    0.0841    10.1138
    0.0845    10.0601
    0.0849    10.0066
    0.0853     9.9534
    0.0857     9.9005
    0.0861     9.8477
    0.0865     9.7953
    0.0869     9.7430
    0.0873     9.6911
    0.0877     9.6394
    0.0881     9.5879
    0.0885     9.5366
    0.0889     9.4857
    0.0893     9.4349
    0.0897     9.3844
    0.0901     9.3341
    0.0906     9.2841
    0.0910     9.2343
    0.0914     9.1848
    0.0918     9.1355
    0.0922     9.0864
    0.0927     9.0375
    0.0931     8.9889
    0.0935     8.9405
    0.0940     8.8924
    0.0944     8.8445
    0.0948     8.7968
    0.0953     8.7493
    0.0957     8.7021
    0.0962     8.6551
    0.0966     8.6083
    0.0970     8.5617
    0.0975     8.5154
    0.0979     8.4693
    0.0984     8.4234
    0.0989     8.3777
    0.0993     8.3322
    0.0998     8.2870
    0.1002     8.2420
    0.1007     8.1972
    0.1012     8.1526
    0.1016     8.1082
    0.1021     8.0640
    0.1026     8.0201
    0.1030     7.9763
    0.1035     7.9328
    0.1040     7.8895
    0.1045     7.8464
    0.1050     7.8034
    0.1054     7.7607
    0.1059     7.7182
    0.1064     7.6760
    0.1069     7.6339
    0.1074     7.5920
    0.1079     7.5503
    0.1084     7.5088
    0.1089     7.4675
    0.1094     7.4264
    0.1099     7.3855
    0.1104     7.3449
    0.1109     7.3044
    0.1114     7.2641
    0.1120     7.2240
    0.1125     7.1841
    0.1130     7.1443
    0.1135     7.1048
    0.1140     7.0655
    0.1146     7.0263
    0.1151     6.9874
    0.1156     6.9486
    0.1162     6.9100
    0.1167     6.8716
    0.1172     6.8334
    0.1178     6.7954
    0.1183     6.7576
    0.1189     6.7199
    0.1194     6.6825
    0.1200     6.6452
    0.1205     6.6081
    0.1211     6.5712
    0.1216     6.5344
    0.1222     6.4978
    0.1228     6.4615
    0.1233     6.4252
    0.1239     6.3892
    0.1245     6.3533
    0.1251     6.3177
    0.1256     6.2821
    0.1262     6.2468
    0.1268     6.2116
    0.1274     6.1767
    0.1280     6.1418
    0.1286     6.1072
    0.1292     6.0727
    0.1298     6.0384
    0.1304     6.0042
    0.1310     5.9703
    0.1316     5.9364
    0.1322     5.9028
    0.1328     5.8693
    0.1334     5.8360
    0.1340     5.8029
    0.1346     5.7699
    0.1352     5.7370
    0.1359     5.7044
    0.1365     5.6719
    0.1371     5.6395
    0.1378     5.6073
    0.1384     5.5753
    0.1390     5.5434
    0.1397     5.5117
    0.1403     5.4802
    0.1410     5.4487
    0.1416     5.4175
    0.1423     5.3864
    0.1429     5.3555
    0.1436     5.3247
    0.1443     5.2941
    0.1449     5.2636
    0.1456     5.2332
    0.1463     5.2031
    0.1469     5.1730
    0.1476     5.1431
    0.1483     5.1134
    0.1490     5.0838
    0.1497     5.0544
    0.1504     5.0251
    0.1511     4.9959
    0.1518     4.9669
    0.1525     4.9381
    0.1532     4.9094
    0.1539     4.8808
    0.1546     4.8524
    0.1553     4.8241
    0.1560     4.7959
    0.1567     4.7679
    0.1575     4.7401
    0.1582     4.7123
    0.1589     4.6847
    0.1597     4.6573
    0.1604     4.6300
    0.1611     4.6028
    0.1619     4.5758
    0.1626     4.5489
    0.1634     4.5221
    0.1641     4.4955
    0.1649     4.4690
    0.1657     4.4426
    0.1664     4.4164
    0.1672     4.3903
    0.1680     4.3643
    0.1687     4.3384
    0.1695     4.3127
    0.1703     4.2872
    0.1711     4.2617
    0.1719     4.2364
    0.1727     4.2112
    0.1735     4.1861
    0.1743     4.1612
    0.1751     4.1364
    0.1759     4.1117
    0.1767     4.0871
    0.1775     4.0627
    0.1783     4.0384
    0.1792     4.0142
    0.1800     3.9901
    0.1808     3.9662
    0.1817     3.9424
    0.1825     3.9187
    0.1833     3.8951
    0.1842     3.8716
    0.1850     3.8483
    0.1859     3.8251
    0.1868     3.8020
    0.1876     3.7790
    0.1885     3.7561
    0.1894     3.7334
    0.1902     3.7107
    0.1911     3.6882
    0.1920     3.6658
    0.1929     3.6435
    0.1938     3.6214
    0.1947     3.5993
    0.1956     3.5774
    0.1965     3.5555
    0.1974     3.5338
    0.1983     3.5122
    0.1992     3.4907
    0.2001     3.4693
    0.2010     3.4481
    0.2020     3.4269
    0.2029     3.4058
    0.2038     3.3849
    0.2048     3.3641
    0.2057     3.3433
    0.2067     3.3227
    0.2076     3.3022
    0.2086     3.2818
    0.2096     3.2615
    0.2105     3.2413
    0.2115     3.2212
    0.2125     3.2013
    0.2135     3.1814
    0.2145     3.1616
    0.2154     3.1419
    0.2164     3.1224
    0.2174     3.1029
    0.2184     3.0835
    0.2195     3.0643
    0.2205     3.0451
    0.2215     3.0261
    0.2225     3.0071
    0.2235     2.9882
    0.2246     2.9695
    0.2256     2.9508
    0.2266     2.9323
    0.2277     2.9138
    0.2287     2.8954
    0.2298     2.8772
    0.2309     2.8590
    0.2319     2.8409
    0.2330     2.8229
    0.2341     2.8051
    0.2352     2.7873
    0.2363     2.7696
    0.2373     2.7520
    0.2384     2.7345
    0.2395     2.7171
    0.2406     2.6997
    0.2418     2.6825
    0.2429     2.6654
    0.2440     2.6483
    0.2451     2.6314
    0.2463     2.6145
    0.2474     2.5978
    0.2485     2.5811
    0.2497     2.5645
    0.2508     2.5480
    0.2520     2.5316
    0.2532     2.5152
    0.2543     2.4990
    0.2555     2.4829
    0.2567     2.4668
    0.2579     2.4508
    0.2591     2.4349
    0.2603     2.4191
    0.2615     2.4034
    0.2627     2.3878
    0.2639     2.3723
    0.2651     2.3568
    0.2663     2.3414
    0.2676     2.3261
    0.2688     2.3109
    0.2700     2.2958
    0.2713     2.2807
    0.2725     2.2658
    0.2738     2.2509
    0.2751     2.2361
    0.2763     2.2214
    0.2776     2.2068
    0.2789     2.1922
    0.2802     2.1777
    0.2815     2.1633
    0.2828     2.1490
    0.2841     2.1348
    0.2854     2.1206
    0.2867     2.1066
    0.2880     2.0926
    0.2894     2.0786
    0.2907     2.0648
    0.2921     2.0510
    0.2934     2.0373
    0.2948     2.0237
    0.2961     2.0102
    0.2975     1.9967
    0.2989     1.9833
    0.3002     1.9700
    0.3016     1.9568
    0.3030     1.9436
    0.3044     1.9305
    0.3058     1.9175
    0.3072     1.9046
    0.3087     1.8917
    0.3101     1.8789
    0.3115     1.8662
    0.3130     1.8535
    0.3144     1.8409
    0.3159     1.8284
    0.3173     1.8160
    0.3188     1.8036
    0.3203     1.7913
    0.3217     1.7791
    0.3232     1.7669
    0.3247     1.7548
    0.3262     1.7428
    0.3277     1.7309
    0.3292     1.7190
    0.3308     1.7072
    0.3323     1.6954
    0.3338     1.6837
    0.3354     1.6721
    0.3369     1.6606
    0.3385     1.6491
    0.3400     1.6377
    0.3416     1.6263
    0.3432     1.6151
    0.3448     1.6038
    0.3464     1.5927
    0.3480     1.5816
    0.3496     1.5706
    0.3512     1.5596
    0.3528     1.5487
    0.3544     1.5379
    0.3561     1.5271
    0.3577     1.5164
    0.3594     1.5058
    0.3610     1.4952
    0.3627     1.4847
    0.3644     1.4742
    0.3661     1.4638
    0.3678     1.4535
    0.3695     1.4432
    0.3712     1.4330
    0.3729     1.4229
    0.3746     1.4128
    0.3763     1.4027
    0.3781     1.3928
    0.3798     1.3828
    0.3816     1.3730
    0.3833     1.3632
    0.3851     1.3535
    0.3869     1.3438
    0.3887     1.3342
    0.3905     1.3246
    0.3923     1.3151
    0.3941     1.3056
    0.3959     1.2962
    0.3977     1.2869
    0.3996     1.2776
    0.4014     1.2684
    0.4033     1.2592
    0.4051     1.2501
    0.4070     1.2411
    0.4089     1.2321
    0.4108     1.2231
    0.4127     1.2142
    0.4146     1.2054
    0.4165     1.1966
    0.4184     1.1879
    0.4204     1.1792
    0.4223     1.1705
    0.4243     1.1620
    0.4262     1.1535
    0.4282     1.1450
    0.4302     1.1366
    0.4322     1.1282
    0.4341     1.1199
    0.4362     1.1116
    0.4382     1.1034
    0.4402     1.0953
    0.4422     1.0871
    0.4443     1.0791
    0.4463     1.0711
    0.4484     1.0631
    0.4505     1.0552
    0.4525     1.0473
    0.4546     1.0395
    0.4567     1.0318
    0.4588     1.0241
    0.4610     1.0164
    0.4631     1.0088
    0.4652     1.0012
    0.4674     0.9937
    0.4695     0.9862
    0.4717     0.9788
    0.4739     0.9714
    0.4761     0.9641
    0.4783     0.9568
    0.4805     0.9495
    0.4827     0.9423
    0.4849     0.9352
    0.4872     0.9281
    0.4894     0.9210
    0.4917     0.9140
    0.4940     0.9070
    0.4962     0.9001
    0.4985     0.8932
    0.5008     0.8864
    0.5032     0.8796
    0.5055     0.8729
    0.5078     0.8662
    0.5102     0.8595
    0.5125     0.8529
    0.5149     0.8463
    0.5173     0.8398
    0.5197     0.8333
    0.5221     0.8268
    0.5245     0.8204
    0.5269     0.8141
    0.5293     0.8077
    0.5318     0.8015
    0.5342     0.7952
    0.5367     0.7890
    0.5392     0.7829
    0.5417     0.7768
    0.5442     0.7707
    0.5467     0.7646
    0.5492     0.7586
    0.5517     0.7527
    0.5543     0.7468
    0.5569     0.7409
    0.5594     0.7351
    0.5620     0.7293
    0.5646     0.7235
    0.5672     0.7178
    0.5698     0.7121
    0.5725     0.7064
    0.5751     0.7008
    0.5778     0.6953
    0.5804     0.6897
    0.5831     0.6842
    0.5858     0.6788
    0.5885     0.6733
    0.5913     0.6680
    0.5940     0.6626
    0.5967     0.6573
    0.5995     0.6520
    0.6023     0.6468
    0.6050     0.6416
    0.6078     0.6364
    0.6106     0.6313
    0.6135     0.6262
    0.6163     0.6211
    0.6191     0.6161
    0.6220     0.6111
    0.6249     0.6061
    0.6278     0.6012
    0.6307     0.5963
    0.6336     0.5914
    0.6365     0.5866
    0.6394     0.5818
    0.6424     0.5771
    0.6454     0.5724
    0.6484     0.5677
    0.6513     0.5630
    0.6544     0.5584
    0.6574     0.5538
    0.6604     0.5492
    0.6635     0.5447
    0.6665     0.5402
    0.6696     0.5357
    0.6727     0.5313
    0.6758     0.5269
    0.6789     0.5225
    0.6821     0.5182
    0.6852     0.5139
    0.6884     0.5096
    0.6916     0.5053
    0.6948     0.5011
    0.6980     0.4969
    0.7012     0.4928
    0.7044     0.4886
    0.7077     0.4845
    0.7110     0.4805
    0.7143     0.4764
    0.7176     0.4724
    0.7209     0.4684
    0.7242     0.4645
    0.7275     0.4606
    0.7309     0.4567
    0.7343     0.4528
    0.7377     0.4489
    0.7411     0.4451
    0.7445     0.4413
    0.7480     0.4376
    0.7514     0.4339
    0.7549     0.4302
    0.7584     0.4265
    0.7619     0.4228
    0.7654     0.4192
    0.7689     0.4156
    0.7725     0.4120
    0.7761     0.4085
    0.7796     0.4050
    0.7832     0.4015
    0.7869     0.3980
    0.7905     0.3946
    0.7941     0.3912
    0.7978     0.3878
    0.8015     0.3844
    0.8052     0.3811
    0.8089     0.3778
    0.8127     0.3745
    0.8164     0.3712
    0.8202     0.3680
    0.8240     0.3648
    0.8278     0.3616
    0.8316     0.3584
    0.8355     0.3553
    0.8393     0.3522
    0.8432     0.3491
    0.8471     0.3460
    0.8510     0.3430
    0.8549     0.3399
    0.8589     0.3369
    0.8629     0.3340
    0.8668     0.3310
    0.8708     0.3281
    0.8749     0.3252
    0.8789     0.3223
    0.8830     0.3194
    0.8870     0.3166
    0.8911     0.3138
    0.8953     0.3110
    0.8994     0.3082
    0.9036     0.3054
    0.9077     0.3027
    0.9119     0.3000
    0.9161     0.2973
    0.9204     0.2946
    0.9246     0.2920
    0.9289     0.2893
    0.9332     0.2867
    0.9375     0.2841
    0.9418     0.2816
    0.9462     0.2790
    0.9506     0.2765
    0.9549     0.2740
    0.9594     0.2715
    0.9638     0.2690
    0.9682     0.2666
    0.9727     0.2642
    0.9772     0.2618
    0.9817     0.2594
    0.9863     0.2570
    0.9908     0.2546
    0.9954     0.2523
    1.0000     0.2500
