#External Potential Table
    0.0100     0.0000
    0.0100     0.0000
    0.0101     0.0000
    0.0101     0.0000
    0.0102     0.0000
    0.0102     0.0000
    0.0103     0.0000
    0.0103     0.0000
    0.0104     0.0000
    0.0104     0.0000
    0.0105     0.0000
    0.0105     0.0000
    0.0106     0.0000
    0.0106     0.0000
    0.0107     0.0000
    0.0107     0.0000
    0.0108     0.0000
    0.0108     0.0000
    0.0109     0.0000
    0.0109     0.0000
    0.0110     0.0000
    0.0110     0.0000
    0.0111     0.0000
    0.0111     0.0000
    0.0112     0.0000
    0.0112     0.0000
    0.0113     0.0000
    0.0113     0.0000
    0.0114     0.0000
    0.0114     0.0000
    0.0115     0.0000
    0.0115     0.0000
    0.0116     0.0000
    0.0116     0.0000
    0.0117     0.0000
    0.0118     0.0000
    0.0118     0.0000
    0.0119     0.0000
    0.0119     0.0000
    0.0120     0.0000
    0.0120     0.0000
    0.0121     0.0000
    0.0121     0.0000
    0.0122     0.0000
    0.0122     0.0000
    0.0123     0.0000
    0.0124     0.0000
    0.0124     0.0000
    0.0125     0.0000
    0.0125     0.0000
    0.0126     0.0000
    0.0127     0.0000
    0.0127     0.0000
    0.0128     0.0000
    0.0128     0.0000
    0.0129     0.0000
    0.0129     0.0000
    0.0130     0.0000
    0.0131     0.0000
    0.0131     0.0000
    0.0132     0.0000
    0.0132     0.0000
    0.0133     0.0000
    0.0134     0.0000
    0.0134     0.0000
    0.0135     0.0000
    0.0136     0.0000
    0.0136     0.0000
    0.0137     0.0000
    0.0137     0.0000
    0.0138     0.0000
    0.0139     0.0000
    0.0139     0.0000
    0.0140     0.0000
    0.0141     0.0000
    0.0141     0.0000
    0.0142     0.0000
    0.0143     0.0000
    0.0143     0.0000
    0.0144     0.0000
    0.0145     0.0000
    0.0145     0.0000
    0.0146     0.0000
    0.0147     0.0000
    0.0147     0.0000
    0.0148     0.0000
    0.0149     0.0000
    0.0149     0.0000
    0.0150     0.0000
    0.0151     0.0000
    0.0151     0.0000
    0.0152     0.0000
    0.0153     0.0000
    0.0154     0.0000
    0.0154     0.0000
    0.0155     0.0000
    0.0156     0.0000
    0.0156     0.0000
    0.0157     0.0000
    0.0158     0.0000
    0.0159     0.0000
    0.0159     0.0000
    0.0160     0.0000
    0.0161     0.0000
    0.0162     0.0000
    0.0162     0.0000
    0.0163     0.0000
    0.0164     0.0000
    0.0165     0.0000
    0.0165     0.0000
    0.0166     0.0000
    0.0167     0.0000
    0.0168     0.0000
    0.0168     0.0000
    0.0169     0.0000
    0.0170     0.0000
    0.0171     0.0000
    0.0171     0.0000
    0.0172     0.0000
    0.0173     0.0000
    0.0174     0.0000
    0.0175     0.0000
    0.0175     0.0000
    0.0176     0.0000
    0.0177     0.0000
    0.0178     0.0000
    0.0179     0.0000
    0.0180     0.0000
    0.0180     0.0000
    0.0181     0.0000
    0.0182     0.0000
    0.0183     0.0000
    0.0184     0.0000
    0.0185     0.0000
    0.0185     0.0000
    0.0186     0.0000
    0.0187     0.0000
    0.0188     0.0000
    0.0189     0.0000
    0.0190     0.0000
    0.0191     0.0000
    0.0192     0.0000
    0.0192     0.0000
    0.0193     0.0000
    0.0194     0.0000
    0.0195     0.0000
    0.0196     0.0000
    0.0197     0.0000
    0.0198     0.0000
    0.0199     0.0000
    0.0200     0.0000
    0.0201     0.0000
    0.0202     0.0000
    0.0202     0.0000
    0.0203     0.0000
    0.0204     0.0000
    0.0205     0.0000
    0.0206     0.0000
    0.0207     0.0000
    0.0208     0.0000
    0.0209     0.0000
    0.0210     0.0000
    0.0211     0.0000
    0.0212     0.0000
    0.0213     0.0000
    0.0214     0.0000
    0.0215     0.0000
    0.0216     0.0000
    0.0217     0.0000
    0.0218     0.0000
    0.0219     0.0000
    0.0220     0.0000
    0.0221     0.0000
    0.0222     0.0000
    0.0223     0.0000
    0.0224     0.0000
    0.0225     0.0000
    0.0226     0.0000
    0.0227     0.0000
    0.0228     0.0000
    0.0229     0.0000
    0.0230     0.0000
    0.0231     0.0000
    0.0232     0.0000
    0.0234     0.0000
    0.0235     0.0000
    0.0236     0.0000
    0.0237     0.0000
    0.0238     0.0000
    0.0239     0.0000
    0.0240     0.0000
    0.0241     0.0000
    0.0242     0.0000
    0.0243     0.0000
    0.0245     0.0000
    0.0246     0.0000
    0.0247     0.0000
    0.0248     0.0000
    0.0249     0.0000
    0.0250     0.0000
    0.0251     0.0000
    0.0253     0.0000
    0.0254     0.0000
    0.0255     0.0000
    0.0256     0.0000
    0.0257     0.0000
    0.0258     0.0000
    0.0260     0.0000
    0.0261     0.0000
    0.0262     0.0000
    0.0263     0.0000
    0.0264     0.0000
    0.0266     0.0000
    0.0267     0.0000
    0.0268     0.0000
    0.0269     0.0000
    0.0271     0.0000
    0.0272     0.0000
    0.0273     0.0000
    0.0274     0.0000
    0.0276     0.0000
    0.0277     0.0000
    0.0278     0.0000
    0.0280     0.0000
    0.0281     0.0000
    0.0282     0.0000
    0.0283     0.0000
    0.0285     0.0000
    0.0286     0.0000
    0.0287     0.0000
    0.0289     0.0000
    0.0290     0.0000
    0.0291     0.0000
    0.0293     0.0000
    0.0294     0.0000
    0.0295     0.0000
    0.0297     0.0000
    0.0298     0.0000
    0.0300     0.0000
    0.0301     0.0000
    0.0302     0.0000
    0.0304     0.0000
    0.0305     0.0000
    0.0307     0.0000
    0.0308     0.0000
    0.0309     0.0000
    0.0311     0.0000
    0.0312     0.0000
    0.0314     0.0000
    0.0315     0.0000
    0.0317     0.0000
    0.0318     0.0000
    0.0320     0.0000
    0.0321     0.0000
    0.0322     0.0000
    0.0324     0.0000
    0.0325     0.0000
    0.0327     0.0000
    0.0328     0.0000
    0.0330     0.0000
    0.0332     0.0000
    0.0333     0.0000
    0.0335     0.0000
    0.0336     0.0000
    0.0338     0.0000
    0.0339     0.0000
    0.0341     0.0000
    0.0342     0.0000
    0.0344     0.0000
    0.0346     0.0000
    0.0347     0.0000
    0.0349     0.0000
    0.0350     0.0000
    0.0352     0.0000
    0.0354     0.0000
    0.0355     0.0000
    0.0357     0.0000
    0.0359     0.0000
    0.0360     0.0000
    0.0362     0.0000
    0.0364     0.0000
    0.0365     0.0000
    0.0367     0.0000
    0.0369     0.0000
    0.0370     0.0000
    0.0372     0.0000
    0.0374     0.0000
    0.0375     0.0000
    0.0377     0.0000
    0.0379     0.0000
    0.0381     0.0000
    0.0382     0.0000
    0.0384     0.0000
    0.0386     0.0000
    0.0388     0.0000
    0.0390     0.0000
    0.0391     0.0000
    0.0393     0.0000
    0.0395     0.0000
    0.0397     0.0000
    0.0399     0.0000
    0.0401     0.0000
    0.0402     0.0000
    0.0404     0.0000
    0.0406     0.0000
    0.0408     0.0000
    0.0410     0.0000
    0.0412     0.0000
    0.0414     0.0000
    0.0416     0.0000
    0.0417     0.0000
    0.0419     0.0000
    0.0421     0.0000
    0.0423     0.0000
    0.0425     0.0000
    0.0427     0.0000
    0.0429     0.0000
    0.0431     0.0000
    0.0433     0.0000
    0.0435     0.0000
    0.0437     0.0000
    0.0439     0.0000
    0.0441     0.0000
    0.0443     0.0000
    0.0445     0.0000
    0.0447     0.0000
    0.0449     0.0000
    0.0451     0.0000
    0.0454     0.0000
    0.0456     0.0000
    0.0458     0.0000
    0.0460     0.0000
    0.0462     0.0000
    0.0464     0.0000
    0.0466     0.0000
    0.0468     0.0000
    0.0471     0.0000
    0.0473     0.0000
    0.0475     0.0000
    0.0477     0.0000
    0.0479     0.0000
    0.0482     0.0000
    0.0484     0.0000
    0.0486     0.0000
    0.0488     0.0000
    0.0491     0.0000
    0.0493     0.0000
    0.0495     0.0000
    0.0497     0.0000
    0.0500     0.0000
    0.0502     0.0000
    0.0504     0.0000
    0.0507     0.0000
    0.0509     0.0000
    0.0511     0.0000
    0.0514     0.0000
    0.0516     0.0000
    0.0518     0.0000
    0.0521     0.0000
    0.0523     0.0000
    0.0526     0.0000
    0.0528     0.0000
    0.0531     0.0000
    0.0533     0.0000
    0.0535     0.0000
    0.0538     0.0000
    0.0540     0.0000
    0.0543     0.0000
    0.0545     0.0000
    0.0548     0.0000
    0.0550     0.0000
    0.0553     0.0000
    0.0556     0.0000
    0.0558     0.0000
    0.0561     0.0000
    0.0563     0.0000
    0.0566     0.0000
    0.0569     0.0000
    0.0571     0.0000
    0.0574     0.0000
    0.0576     0.0000
    0.0579     0.0000
    0.0582     0.0000
    0.0584     0.0000
    0.0587     0.0000
    0.0590     0.0000
    0.0593     0.0000
    0.0595     0.0000
    0.0598     0.0000
    0.0601     0.0000
    0.0604     0.0000
    0.0606     0.0000
    0.0609     0.0000
    0.0612     0.0000
    0.0615     0.0000
    0.0618     0.0000
    0.0621     0.0000
    0.0623     0.0000
    0.0626     0.0000
    0.0629     0.0000
    0.0632     0.0000
    0.0635     0.0000
    0.0638     0.0000
    0.0641     0.0000
    0.0644     0.0000
    0.0647     0.0000
    0.0650     0.0000
    0.0653     0.0000
    0.0656     0.0000
    0.0659     0.0000
    0.0662     0.0000
    0.0665     0.0000
    0.0668     0.0000
    0.0671     0.0000
    0.0674     0.0000
    0.0677     0.0000
    0.0681     0.0000
    0.0684     0.0000
    0.0687     0.0000
    0.0690     0.0000
    0.0693     0.0000
    0.0696     0.0000
    0.0700     0.0000
    0.0703     0.0000
    0.0706     0.0000
    0.0709     0.0000
    0.0713     0.0000
    0.0716     0.0000
    0.0719     0.0000
    0.0723     0.0000
    0.0726     0.0000
    0.0729     0.0000
    0.0733     0.0000
    0.0736     0.0000
    0.0739     0.0000
    0.0743     0.0000
    0.0746     0.0000
    0.0750     0.0000
    0.0753     0.0000
    0.0757     0.0000
    0.0760     0.0000
    0.0764     0.0000
    0.0767     0.0000
    0.0771     0.0000
    0.0774     0.0000
    0.0778     0.0000
    0.0781     0.0000
    0.0785     0.0000
    0.0789     0.0000
    0.0792     0.0000
    0.0796     0.0000
    0.0800     0.0000
    0.0803     0.0000
    0.0807     0.0000
    0.0811     0.0000
    0.0815     0.0000
    0.0818     0.0000
    0.0822     0.0000
    0.0826     0.0000
    0.0830     0.0000
    0.0834     0.0000
    0.0837     0.0000
    0.0841     0.0000
    0.0845     0.0000
    0.0849     0.0000
    0.0853     0.0000
    0.0857     0.0000
    0.0861     0.0000
    0.0865     0.0000
    0.0869     0.0000
    0.0873     0.0000
    0.0877     0.0000
    0.0881     0.0000
    0.0885     0.0000
    0.0889     0.0000
    0.0893     0.0000
    0.0897     0.0000
    0.0901     0.0000
    0.0906     0.0000
    0.0910     0.0000
    0.0914     0.0000
    0.0918     0.0000
    0.0922     0.0000
    0.0927     0.0000
    0.0931     0.0000
    0.0935     0.0000
    0.0940     0.0000
    0.0944     0.0000
    0.0948     0.0000
    0.0953     0.0000
    0.0957     0.0000
    0.0962     0.0000
    0.0966     0.0000
    0.0970     0.0000
    0.0975     0.0000
    0.0979     0.0000
    0.0984     0.0000
    0.0989     0.0000
    0.0993     0.0000
    0.0998     0.0000
    0.1002     0.0000
    0.1007     0.0000
    0.1012     0.0000
    0.1016     0.0000
    0.1021     0.0000
    0.1026     0.0000
    0.1030     0.0000
    0.1035     0.0000
    0.1040     0.0000
    0.1045     0.0000
    0.1050     0.0000
    0.1054     0.0000
    0.1059     0.0000
    0.1064     0.0000
    0.1069     0.0000
    0.1074     0.0000
    0.1079     0.0000
    0.1084     0.0000
    0.1089     0.0000
    0.1094     0.0000
    0.1099     0.0000
    0.1104     0.0000
    0.1109     0.0000
    0.1114     0.0000
    0.1120     0.0000
    0.1125     0.0000
    0.1130     0.0000
    0.1135     0.0000
    0.1140     0.0000
    0.1146     0.0000
    0.1151     0.0000
    0.1156     0.0000
    0.1162     0.0000
    0.1167     0.0000
    0.1172     0.0000
    0.1178     0.0000
    0.1183     0.0000
    0.1189     0.0000
    0.1194     0.0000
    0.1200     0.0000
    0.1205     0.0000
    0.1211     0.0000
    0.1216     0.0000
    0.1222     0.0000
    0.1228     0.0000
    0.1233     0.0000
    0.1239     0.0000
    0.1245     0.0000
    0.1251     0.0000
    0.1256     0.0000
    0.1262     0.0000
    0.1268     0.0000
    0.1274     0.0000
    0.1280     0.0000
    0.1286     0.0000
    0.1292     0.0000
    0.1298     0.0000
    0.1304     0.0000
    0.1310     0.0000
    0.1316     0.0000
    0.1322     0.0000
    0.1328     0.0000
    0.1334     0.0000
    0.1340     0.0000
    0.1346     0.0000
    0.1352     0.0000
    0.1359     0.0000
    0.1365     0.0000
    0.1371     0.0000
    0.1378     0.0000
    0.1384     0.0000
    0.1390     0.0000
    0.1397     0.0000
    0.1403     0.0000
    0.1410     0.0000
    0.1416     0.0000
    0.1423     0.0000
    0.1429     0.0000
    0.1436     0.0000
    0.1443     0.0000
    0.1449     0.0000
    0.1456     0.0000
    0.1463     0.0000
    0.1469     0.0000
    0.1476     0.0000
    0.1483     0.0000
    0.1490     0.0000
    0.1497     0.0000
    0.1504     0.0000
    0.1511     0.0000
    0.1518     0.0000
    0.1525     0.0000
    0.1532     0.0000
    0.1539     0.0000
    0.1546     0.0000
    0.1553     0.0000
    0.1560     0.0000
    0.1567     0.0000
    0.1575     0.0000
    0.1582     0.0000
    0.1589     0.0000
    0.1597     0.0000
    0.1604     0.0000
    0.1611     0.0000
    0.1619     0.0000
    0.1626     0.0000
    0.1634     0.0000
    0.1641     0.0000
    0.1649     0.0000
    0.1657     0.0000
    0.1664     0.0000
    0.1672     0.0000
    0.1680     0.0000
    0.1687     0.0000
    0.1695     0.0000
    0.1703     0.0000
    0.1711     0.0000
    0.1719     0.0000
    0.1727     0.0000
    0.1735     0.0000
    0.1743     0.0000
    0.1751     0.0000
    0.1759     0.0000
    0.1767     0.0000
    0.1775     0.0000
    0.1783     0.0000
    0.1792     0.0000
    0.1800     0.0000
    0.1808     0.0000
    0.1817     0.0000
    0.1825     0.0000
    0.1833     0.0000
    0.1842     0.0000
    0.1850     0.0000
    0.1859     0.0000
    0.1868     0.0000
    0.1876     0.0000
    0.1885     0.0000
    0.1894     0.0000
    0.1902     0.0000
    0.1911     0.0000
    0.1920     0.0000
    0.1929     0.0000
    0.1938     0.0000
    0.1947     0.0000
    0.1956     0.0000
    0.1965     0.0000
    0.1974     0.0000
    0.1983     0.0000
    0.1992     0.0000
    0.2001     0.0000
    0.2010     0.0000
    0.2020     0.0000
    0.2029     0.0000
    0.2038     0.0000
    0.2048     0.0000
    0.2057     0.0000
    0.2067     0.0000
    0.2076     0.0000
    0.2086     0.0000
    0.2096     0.0000
    0.2105     0.0000
    0.2115     0.0000
    0.2125     0.0000
    0.2135     0.0000
    0.2145     0.0000
    0.2154     0.0000
    0.2164     0.0000
    0.2174     0.0000
    0.2184     0.0000
    0.2195     0.0000
    0.2205     0.0000
    0.2215     0.0000
    0.2225     0.0000
    0.2235     0.0000
    0.2246     0.0000
    0.2256     0.0000
    0.2266     0.0000
    0.2277     0.0000
    0.2287     0.0000
    0.2298     0.0000
    0.2309     0.0000
    0.2319     0.0000
    0.2330     0.0000
    0.2341     0.0000
    0.2352     0.0000
    0.2363     0.0000
    0.2373     0.0000
    0.2384     0.0000
    0.2395     0.0000
    0.2406     0.0000
    0.2418     0.0000
    0.2429     0.0000
    0.2440     0.0000
    0.2451     0.0000
    0.2463     0.0000
    0.2474     0.0000
    0.2485     0.0000
    0.2497     0.0000
    0.2508     0.0000
    0.2520     0.0000
    0.2532     0.0000
    0.2543     0.0000
    0.2555     0.0000
    0.2567     0.0000
    0.2579     0.0000
    0.2591     0.0000
    0.2603     0.0000
    0.2615     0.0000
    0.2627     0.0000
    0.2639     0.0000
    0.2651     0.0000
    0.2663     0.0000
    0.2676     0.0000
    0.2688     0.0000
    0.2700     0.0000
    0.2713     0.0000
    0.2725     0.0000
    0.2738     0.0000
    0.2751     0.0000
    0.2763     0.0000
    0.2776     0.0000
    0.2789     0.0000
    0.2802     0.0000
    0.2815     0.0000
    0.2828     0.0000
    0.2841     0.0000
    0.2854     0.0000
    0.2867     0.0000
    0.2880     0.0000
    0.2894     0.0000
    0.2907     0.0000
    0.2921     0.0000
    0.2934     0.0000
    0.2948     0.0000
    0.2961     0.0000
    0.2975     0.0000
    0.2989     0.0000
    0.3002     0.0000
    0.3016     0.0000
    0.3030     0.0000
    0.3044     0.0000
    0.3058     0.0000
    0.3072     0.0000
    0.3087     0.0000
    0.3101     0.0000
    0.3115     0.0000
    0.3130     0.0000
    0.3144     0.0000
    0.3159     0.0000
    0.3173     0.0000
    0.3188     0.0000
    0.3203     0.0000
    0.3217     0.0000
    0.3232     0.0000
    0.3247     0.0000
    0.3262     0.0000
    0.3277     0.0000
    0.3292     0.0000
    0.3308     0.0000
    0.3323     0.0000
    0.3338     0.0000
    0.3354     0.0000
    0.3369     0.0000
    0.3385     0.0000
    0.3400     0.0000
    0.3416     0.0000
    0.3432     0.0000
    0.3448     0.0000
    0.3464     0.0000
    0.3480     0.0000
    0.3496     0.0000
    0.3512     0.0000
    0.3528     0.0000
    0.3544     0.0000
    0.3561     0.0000
    0.3577     0.0000
    0.3594     0.0000
    0.3610     0.0000
    0.3627     0.0000
    0.3644     0.0000
    0.3661     0.0000
    0.3678     0.0000
    0.3695     0.0000
    0.3712     0.0000
    0.3729     0.0000
    0.3746     0.0000
    0.3763     0.0000
    0.3781     0.0000
    0.3798     0.0000
    0.3816     0.0000
    0.3833     0.0000
    0.3851     0.0000
    0.3869     0.0000
    0.3887     0.0000
    0.3905     0.0000
    0.3923     0.0000
    0.3941     0.0000
    0.3959     0.0000
    0.3977     0.0000
    0.3996     0.0000
    0.4014     0.0000
    0.4033     0.0000
    0.4051     0.0000
    0.4070     0.0000
    0.4089     0.0000
    0.4108     0.0000
    0.4127     0.0000
    0.4146     0.0000
    0.4165     0.0000
    0.4184     0.0000
    0.4204     0.0000
    0.4223     0.0000
    0.4243     0.0000
    0.4262     0.0000
    0.4282     0.0000
    0.4302     0.0000
    0.4322     0.0000
    0.4341     0.0000
    0.4362     0.0000
    0.4382     0.0000
    0.4402     0.0000
    0.4422     0.0000
    0.4443     0.0000
    0.4463     0.0000
    0.4484     0.0000
    0.4505     0.0000
    0.4525     0.0000
    0.4546     0.0000
    0.4567     0.0000
    0.4588     0.0000
    0.4610     0.0000
    0.4631     0.0000
    0.4652     0.0000
    0.4674     0.0000
    0.4695     0.0000
    0.4717     0.0000
    0.4739     0.0000
    0.4761     0.0000
    0.4783     0.0000
    0.4805     0.0000
    0.4827     0.0000
    0.4849     0.0000
    0.4872     0.0000
    0.4894     0.0000
    0.4917     0.0000
    0.4940     0.0000
    0.4962     0.0000
    0.4985     0.0000
    0.5008     0.0000
    0.5032     0.0000
    0.5055     0.0000
    0.5078     0.0000
    0.5102     0.0000
    0.5125     0.0000
    0.5149     0.0000
    0.5173     0.0000
    0.5197     0.0000
    0.5221     0.0000
    0.5245     0.0000
    0.5269     0.0000
    0.5293     0.0000
    0.5318     0.0000
    0.5342     0.0000
    0.5367     0.0000
    0.5392     0.0000
    0.5417     0.0000
    0.5442     0.0000
    0.5467     0.0000
    0.5492     0.0000
    0.5517     0.0000
    0.5543     0.0000
    0.5569     0.0000
    0.5594     0.0000
    0.5620     0.0000
    0.5646     0.0000
    0.5672     0.0000
    0.5698     0.0000
    0.5725     0.0000
    0.5751     0.0000
    0.5778     0.0000
    0.5804     0.0000
    0.5831     0.0000
    0.5858     0.0000
    0.5885     0.0000
    0.5913     0.0000
    0.5940     0.0000
    0.5967     0.0000
    0.5995     0.0000
    0.6023     0.0000
    0.6050     0.0000
    0.6078     0.0000
    0.6106     0.0000
    0.6135     0.0000
    0.6163     0.0000
    0.6191     0.0000
    0.6220     0.0000
    0.6249     0.0000
    0.6278     0.0000
    0.6307     0.0000
    0.6336     0.0000
    0.6365     0.0000
    0.6394     0.0000
    0.6424     0.0000
    0.6454     0.0000
    0.6484     0.0000
    0.6513     0.0000
    0.6544     0.0000
    0.6574     0.0000
    0.6604     0.0000
    0.6635     0.0000
    0.6665     0.0000
    0.6696     0.0000
    0.6727     0.0000
    0.6758     0.0000
    0.6789     0.0000
    0.6821     0.0000
    0.6852     0.0000
    0.6884     0.0000
    0.6916     0.0000
    0.6948     0.0000
    0.6980     0.0000
    0.7012     0.0000
    0.7044     0.0000
    0.7077     0.0000
    0.7110     0.0000
    0.7143     0.0000
    0.7176     0.0000
    0.7209     0.0000
    0.7242     0.0000
    0.7275     0.0000
    0.7309     0.0000
    0.7343     0.0000
    0.7377     0.0000
    0.7411     0.0000
    0.7445     0.0000
    0.7480     0.0000
    0.7514     0.0000
    0.7549     0.0000
    0.7584     0.0000
    0.7619     0.0000
    0.7654     0.0000
    0.7689     0.0000
    0.7725     0.0000
    0.7761     0.0000
    0.7796     0.0000
    0.7832     0.0000
    0.7869     0.0000
    0.7905     0.0000
    0.7941     0.0000
    0.7978     0.0000
    0.8015     0.0000
    0.8052     0.0000
    0.8089     0.0000
    0.8127     0.0000
    0.8164     0.0000
    0.8202     0.0000
    0.8240     0.0000
    0.8278     0.0000
    0.8316     0.0000
    0.8355     0.0000
    0.8393     0.0000
    0.8432     0.0000
    0.8471     0.0000
    0.8510     0.0000
    0.8549     0.0000
    0.8589     0.0000
    0.8629     0.0000
    0.8668     0.0000
    0.8708     0.0000
    0.8749     0.0000
    0.8789     0.0000
    0.8830     0.0000
    0.8870     0.0000
    0.8911     0.0000
    0.8953     0.0000
    0.8994     0.0000
    0.9036     0.0000
    0.9077     0.0000
    0.9119     0.0000
    0.9161     0.0000
    0.9204     0.0000
    0.9246     0.0000
    0.9289     0.0000
    0.9332     0.0000
    0.9375     0.0000
    0.9418     0.0000
    0.9462     0.0000
    0.9506     0.0000
    0.9549     0.0000
    0.9594     0.0000
    0.9638     0.0000
    0.9682     0.0000
    0.9727     0.0000
    0.9772     0.0000
    0.9817     0.0000
    0.9863     0.0000
    0.9908     0.0000
    0.9954     0.0000
    1.0000     0.0000
