# Level                       Vorticity
      0                             3.2
      1                             3.2
      2                             3.2
      3                             3.2
      4                             3.2
      5                             3.2
      6                             3.2
      7                             3.2
      8                             3.2
      9                             3.2
     10                             3.2
     11                             3.2
