#Dump_ID             Dump_Time
       0    0.0909090920000000
       1    0.0965026241318910
       2    0.1022642090403268
       3    0.1081941087346143
       4    0.1142926268126806
       5    0.1205601122484320
       6    0.1269969647105442
       7    0.1336036403511835
       8    0.1403806580959482
       9    0.1473286064683999
      10    0.1544481509848806
      11    0.1617400421578968
      12    0.1692051241492372
      13    0.1768443441172066
      14    0.1846587623059424
      15    0.1926495629287682
      16    0.2008180659019670
      17    0.2091657394902689
      18    0.2176942139307767
      19    0.2264052961080286
      20    0.2353009853594673
      21    0.2443834904977440
      22    0.2536552481440784
      23    0.2631189424752950
      24    0.2727775264961512
      25    0.2826342449581185
      26    0.2926926590557780
      27    0.3029566730423398
      28    0.3134305629162865
      29    0.3241190073415501
      30    0.3350271209736094
      31    0.3461604903730460
      32    0.3575252126958853
      33    0.3691279373558860
      34    0.3809759108571344
      35    0.3930770249951319
      36    0.4054398686204628
      37    0.4180737831506303
      38    0.4309889220031104
      39    0.4441963141073136
      40    0.4577079316383287
      41    0.4715367621075627
      42    0.4856968849564935
      43    0.5002035528497360
      44    0.5150732779850334
      45    0.5303239239818458
      46    0.5459748043551692
      47    0.5620467893434200
      48    0.5785624241065474
      49    0.5955460632772550
      50    0.6130240298474579
      51    0.6310248107977570
      52    0.6495793081783160
      53    0.6687211729389841
      54    0.6884872598419996
      55    0.7089182546757654
      56    0.7300595373040358
      57    0.7519623492947621
      58    0.7746853173110612
      59    0.7982963071149658
      60    0.8228743661061253
      61    0.8485109691809872
      62    0.8753084975593694
      63    0.9033709686008084
      64    0.9327759052183688
      65    0.9635055660148353
      66    0.9953073615712860
***************END LINE***************
