# Level           Threshold              Filter              Soften
      0                0.60                0.62               50.00
      1                0.60                0.62               50.00
      2                0.60                0.62               50.00
      3                0.60                0.62               50.00
      4                0.60                0.62               50.00
      5                0.60                0.62               50.00
      6                0.60                0.62               50.00
      7                0.60                0.62               50.00
      8                0.60                0.62               50.00
      9                0.60                0.62               50.00
     10                0.60                0.62               50.00
     11                0.60                0.62               50.00
