# Level                        Cosmic Ray
      0                      2.000000e+00
      1                      2.000000e+00
      2                      2.000000e+00
      3                      2.000000e+00
      4                      2.000000e+00
      5                      2.000000e+00
      6                      2.000000e+00
      7                      2.000000e+00
      8                      2.000000e+00
      9                      2.000000e+00
     10                      2.000000e+00
