# Level                 Angle over 2*PI                  Soften
      0                         2.50e-1                  1.0e-2
      1                         2.50e-1                  1.0e-2
      2                         2.50e-1                  1.0e-2
      3                         2.50e-1                  1.0e-2
      4                         2.50e-1                  1.0e-2
      5                         2.50e-1                  1.0e-2
      6                         2.50e-1                  1.0e-2
      7                         2.50e-1                  1.0e-2
      8                         2.50e-1                  1.0e-2
      9                         2.50e-1                  1.0e-2
     10                         2.50e-1                  1.0e-2
     11                         2.50e-1                  1.0e-2
