# Level          AngRes_Max          AngRes_Min          Refine_Rad
      0                 0.1                 0.3                0.01
      1                 0.1                 0.3                0.01
      2                 0.1                 0.3                0.01
      3                 0.1                 0.3                0.01
      4                 0.1                 0.3                0.01
      5                 0.1                 0.3                0.01
      6                 0.1                 0.3                0.01
      7                 0.1                 0.3                0.01
      8                 0.1                 0.3                0.01
      9                 0.1                 0.3                0.01
     10                 0.1                 0.3                0.01
     11                 0.1                 0.3                0.01
