# Level           Threshold              Filter              Soften
      0               0.580                0.80               960.0
      1               0.580                0.80               960.0
      2               0.580                0.80               960.0
      3               0.580                0.80               960.0
      4               0.580                0.80               960.0
      5               0.580                0.80               960.0
      6               0.580                0.80               960.0
      7               0.580                0.80               960.0
      8               0.580                0.80               960.0
      9               0.580                0.80               960.0
     10               0.580                0.80               960.0
     11               0.580                0.80               960.0
